         precision    recall  f1-score   support

           0       0.98      0.98      0.98       785
           1       0.97      0.99      0.98       795
           2       0.98      0.93      0.96       761
           3       0.95      0.97      0.96       750
           4       0.98      0.97      0.97       806
           5       0.99      0.99      0.99       738
           6       0.97      0.98      0.97       801
           7       0.97      0.96      0.97       793
           8       0.97      0.98      0.97       794
           9       0.98      0.98      0.98       766
          10       0.98      0.97      0.97       806
          11       0.96      0.99      0.98       768
          12       0.99      0.97      0.98       807
          13       0.97      0.97      0.97       767
          14       0.92      0.97      0.95       851
          15       0.99      0.94      0.96       711
          16       0.96      0.99      0.97       769
          17       0.98      0.98      0.98       748
          18       0.96      0.98      0.97       794
          19       0.89      0.96      0.93       724
          20       0.99      0.98      0.99       778
          21       0.98      0.99      0.98       789
          22       0.95      0.92      0.94       789
          23       0.99      0.96      0.98       773
          24       0.90      0.92      0.91       773
          25       0.98      0.93      0.95       736
          26       0.96      0.98      0.97       787
          27       0.97      0.98      0.97       732
          28       0.97      0.96      0.97       760
          29       0.98      0.98      0.98       789
          30       0.93      0.99      0.96       796
          31       0.95      0.97      0.96       778
          32       0.97      0.93      0.95       773
          33       0.91      0.93      0.92       792
          34       0.94      0.97      0.96       752
          35       0.92      0.93      0.93       752
          36       0.96      0.92      0.94       767
          37       0.93      0.97      0.95      1036
          38       0.96      0.96      0.96       772
          39       0.98      0.94      0.96       785
          40       0.93      0.95      0.94       820
          41       0.94      0.92      0.93       783
          42       0.96      0.97      0.96       520
          43       0.97      0.97      0.97       760
          44       0.95      0.93      0.94       724
          45       0.91      0.94      0.93       766
          46       0.91      0.88      0.89       760
          47       0.99      0.98      0.98       766
          48       0.98      0.99      0.98       812
          49       0.92      0.97      0.95       475
          50       0.93      0.96      0.95       768
          51       0.95      0.92      0.94       733
          52       0.95      0.95      0.95       774
          53       1.00      0.99      0.99       753
          54       0.99      0.98      0.98       774
          55       0.97      0.98      0.98       775
          56       0.97      0.98      0.98       783
          57       0.99      0.98      0.98       807
          58       0.99      0.99      0.99       729
          59       0.99      0.97      0.98       758
          60       1.00      0.97      0.98       729
          61       0.95      0.92      0.93       767
          62       0.95      0.93      0.94       788
          63       0.91      0.95      0.93       814
          64       0.94      0.98      0.96       771
          65       0.95      0.96      0.95       817
          66       0.96      0.97      0.96       720
          67       0.93      0.93      0.93       796
          68       0.97      0.98      0.98       701
          69       0.86      0.90      0.88       728
          70       0.92      0.93      0.93       714
          71       0.98      0.97      0.97       708
          72       0.92      0.90      0.91       492
          73       0.97      0.97      0.97       812
          74       0.94      0.97      0.95       758
          75       0.96      0.94      0.95       745
          76       0.92      0.78      0.85       612
          77       0.95      0.99      0.97       779
          78       0.99      0.96      0.98       766
          79       0.93      0.93      0.93       792
          80       0.96      0.96      0.96       796
          81       0.95      0.96      0.95       783
          82       0.97      0.95      0.96       799
          83       0.91      0.96      0.94       746
          84       0.97      0.82      0.89       749
          85       0.96      0.98      0.97       774
          86       0.98      0.97      0.98       711
          87       0.96      0.89      0.92       751
          88       0.91      0.89      0.90       794
          89       0.99      0.94      0.96       779
          90       0.96      0.96      0.96       759
          91       0.98      0.93      0.95       736
          92       0.96      0.97      0.96       776
          93       0.98      0.95      0.96       744
          94       0.98      0.99      0.99       793
          95       0.95      0.96      0.95       765
          96       0.96      0.99      0.97       755
          97       0.77      0.93      0.84       506
          98       0.98      0.96      0.97       772
          99       0.96      0.98      0.97       757
         100       0.98      0.95      0.96       721
         101       0.98      0.99      0.98       778
         102       0.99      0.95      0.97       774
         103       0.99      0.96      0.97       778
         104       0.97      0.91      0.94       812
         105       0.94      0.97      0.95       771
         106       0.98      0.97      0.98       744
         107       0.93      0.93      0.93       745
         108       0.97      0.99      0.98       777
         109       0.97      0.99      0.98       760
         110       0.49      0.66      0.56       114
         111       0.94      0.88      0.91       259
         112       0.98      1.00      0.99       777
         113       0.99      0.98      0.99       740
         114       0.96      0.97      0.97       731
         115       0.93      0.98      0.95       770
         116       0.98      0.99      0.99       776
         117       0.94      0.95      0.94       770
         118       0.97      0.98      0.97       775
         119       0.93      0.94      0.94       741
         120       0.98      1.00      0.99       772
         121       0.96      0.95      0.96       800

    accuracy                           0.96     91622
   macro avg       0.95      0.95      0.95     91622
weighted avg       0.96      0.96      0.96     91622

ACC: 0.0169
Sensitivity: 0.9948
Specificity: 0.9962
